*** Parámetros ***
Base de Datos: Iris
Dos Clases: Iris-Setosa (Propia o normal) e Iris-Versicolor (No-propia o anormal)
Dos Atributos: Largo del Sépalo (SepalLength) y Ancho del Sépalo(SepalWidth)
r: 0.05
Cantidad de Detectores:  1000
Mínimo Largo del Sépalo:  4.3
Máximo Largo del Sépalo:  7.9
Mínimo Ancho del Sépalo:  2.0
Máximo Ancho del Sépalo:  4.4

**********************************
*** Self ***
0.222222222222222   0.625
0.166666666666667   0.416666666666667
0.083333333333333   0.458333333333333
0.194444444444444   0.666666666666667
0.305555555555556   0.791666666666667
0.083333333333333   0.583333333333333
0.194444444444444   0.583333333333333
0.027777777777778   0.375
0.305555555555556   0.708333333333333
0.138888888888889   0.583333333333333
0.138888888888889   0.416666666666667
0.0   0.416666666666667
0.388888888888889   1.0
0.305555555555556   0.791666666666667
0.222222222222222   0.625
0.388888888888889   0.75
0.222222222222222   0.75
0.305555555555556   0.583333333333333
0.222222222222222   0.708333333333333
0.083333333333333   0.666666666666667
0.222222222222222   0.541666666666667
0.138888888888889   0.583333333333333
0.194444444444444   0.416666666666667
0.194444444444444   0.583333333333333
0.25   0.625
0.25   0.583333333333333
0.111111111111111   0.5
0.138888888888889   0.458333333333333
0.305555555555556   0.583333333333333
0.25   0.875
0.333333333333333   0.916666666666667
0.166666666666667   0.458333333333333
0.194444444444444   0.5
0.333333333333333   0.625
0.166666666666667   0.458333333333333
0.027777777777778   0.416666666666667
0.222222222222222   0.583333333333333
0.194444444444444   0.625
0.055555555555556   0.125
0.222222222222222   0.75
0.138888888888889   0.416666666666667
0.222222222222222   0.75
0.083333333333333   0.5
0.277777777777778   0.708333333333333
0.194444444444444   0.541666666666667
0.75   0.5
0.583333333333333   0.5
0.722222222222222   0.458333333333333
0.333333333333333   0.125
0.388888888888889   0.333333333333333
0.555555555555555   0.541666666666667
0.166666666666667   0.166666666666667
0.25   0.291666666666667
0.194444444444444   0.0
0.444444444444445   0.416666666666667
0.472222222222222   0.083333333333333
0.5   0.375
0.361111111111111   0.375
0.666666666666667   0.458333333333333
0.361111111111111   0.416666666666667
0.416666666666667   0.291666666666667
0.527777777777778   0.083333333333333
0.361111111111111   0.208333333333333
0.444444444444445   0.5
0.5   0.333333333333333
0.555555555555555   0.208333333333333
0.5   0.333333333333333
0.583333333333333   0.375
0.638888888888889   0.416666666666667
0.666666666666667   0.416666666666667
0.388888888888889   0.25
0.333333333333333   0.166666666666667
0.333333333333333   0.166666666666667
0.416666666666667   0.291666666666667
0.472222222222222   0.291666666666667
0.305555555555556   0.416666666666667
0.666666666666667   0.458333333333333
0.555555555555555   0.125
0.361111111111111   0.416666666666667
0.333333333333333   0.208333333333333
0.333333333333333   0.25
0.5   0.416666666666667
0.416666666666667   0.25
0.194444444444444   0.125
0.361111111111111   0.291666666666667
0.388888888888889   0.416666666666667
0.388888888888889   0.375
0.527777777777778   0.375
0.222222222222222   0.208333333333333
0.388888888888889   0.333333333333333
0.555555555555555   0.541666666666667
0.416666666666667   0.291666666666667
0.777777777777778   0.416666666666667
0.555555555555555   0.375
0.611111111111111   0.416666666666667
0.916666666666667   0.416666666666667
0.166666666666667   0.208333333333333
0.833333333333333   0.375
0.666666666666667   0.208333333333333
0.805555555555556   0.666666666666667
0.611111111111111   0.5
0.583333333333333   0.291666666666667
0.694444444444444   0.416666666666667
0.388888888888889   0.208333333333333
0.416666666666667   0.333333333333333
0.583333333333333   0.5
0.944444444444444   0.75
0.361111111111111   0.333333333333333
0.944444444444444   0.333333333333333
0.555555555555555   0.291666666666667
0.666666666666667   0.541666666666667
0.805555555555556   0.5
0.5   0.416666666666667
0.583333333333333   0.333333333333333
0.805555555555556   0.416666666666667
0.861111111111111   0.333333333333333
1.0   0.75
0.583333333333333   0.333333333333333
0.555555555555555   0.333333333333333
0.5   0.25
0.944444444444444   0.416666666666667
0.555555555555555   0.583333333333333
0.583333333333333   0.458333333333333
0.472222222222222   0.416666666666667
0.722222222222222   0.458333333333333
0.666666666666667   0.458333333333333
0.722222222222222   0.458333333333333
0.416666666666667   0.291666666666667
0.694444444444444   0.5
0.666666666666667   0.541666666666667
0.666666666666667   0.416666666666667
0.555555555555555   0.208333333333333
0.611111111111111   0.416666666666667
0.527777777777778   0.583333333333333
0.444444444444445   0.416666666666667

**********************************
*** Detectores ***
45  len data_N_V
0.145618021591492   0.713125434091942
0.145618021591492   0.713125434091942
0.676752387644119   0.353700719116531
0.659588429182491   0.903743224169499
0.815016527525259   0.168912624219864
0.647119231146737   0.174666067260289
0.008118696806027   0.489803787658175
0.525614604134942   0.867036879365579
0.894246549680665   0.275373709662397
0.366899335720694   0.002543091733898
0.474143041306197   0.287869910115134
0.322699610307168   0.845697430443201
0.247045334865157   0.301835366428419
0.335839372932597   0.362003000331288
0.593225316942316   0.85169511302174
0.015295855574955   0.795417693115992
0.902298842498685   0.192508299590424
0.927995289327395   0.143019143935547
0.031793728162224   0.563365045973361
0.523222098322089   0.617462695558218
0.975452701385107   0.821191152301133
0.626506547706122   0.274647072581206
0.408987658410657   0.240958318883389
0.77682283443501   0.390060328010897
0.627347837318772   0.516222848338611
0.973056114721659   0.644171449789242
0.335568367455104   0.299150431310545
0.168250437118694   0.07676820206303
0.8568446737168   0.695884222732171
0.364008797184409   0.3702564787108
0.544210253984936   0.363048406746404
0.023966996347972   0.491146831650777
0.776364519009262   0.759320806943973
0.518021155924233   0.405067680906042
0.958427220767832   0.549400859767228
0.852091888661621   0.381545483214608
0.468861415596657   0.964351667068033
0.058648551915394   0.958718254993465
0.839139169058293   0.094110653944734
0.246500259823455   0.446264051759749
0.834137865709404   0.043305602863053
0.750072788597482   0.74352333858567
0.018104085722019   0.31861542257154
0.349185856227717   0.498198728838276
0.72591403425532   0.59281546700243
0.707984428192141   0.909778083634729
0.06888336677386   0.929686997948007
0.763858797652328   0.841729520919664
0.024392498963607   0.6194090821171
0.688019196940236   0.295978418791535
0.006284455549986   0.794947047040486
0.557721743486353   0.033921129037938
0.645099633910201   0.19610425459862
0.875042934094633   0.613444281264123
0.970289345234994   0.920333744979388
0.903039384283089   0.794532558294234
0.446773937503255   0.624483834537366
0.585529200027033   0.653293207122728
0.75324407203996   0.337278423082494
0.958901324598593   0.827778769653826
0.854461395880727   0.8283558135961
0.068249972673378   0.779145964656844
0.081806966967016   0.293554809383244
0.990491541235669   0.688284696455959
0.5379094156558   0.990203043631213
0.499405197268484   0.1812460828863
0.659417704875473   0.219455315694086
0.911532389520314   0.314276755560004
0.520411985430285   0.976781119887373
0.30365111536047   0.844571602384068
0.800944408569389   0.669260488765627
0.908288218279527   0.907442872747029
0.178576437803856   0.140528523959276
0.857870859525305   0.386449846575361
0.979332848978139   0.967450635778213
0.076214930927663   0.060250692235287
0.11958024457326   0.083349440232228
0.409735829470336   0.352446473871735
0.936881290231039   0.771049689274879
0.528385408893012   0.645130091798577
0.871398769151333   0.80927249497725
0.724299921004853   0.30844349154617
0.784907058386354   0.796529711011572
0.114171135694225   0.938392125131421
0.456352038771569   0.49742899695627
0.534068487928303   0.274500215421812
0.482242912811597   0.389148198723041
0.783401292876272   0.900661839477064
0.810920785589798   0.10412437710239
0.384602749967303   0.845086378866425
0.697541640397665   0.671119317910439
0.831806817780172   0.914032471414196
0.286153374904982   0.330618739390945
0.503885137080591   0.911952925096878
0.104050337293168   0.02053962678388
0.892748919171351   0.19031967406291
0.879715381290101   0.792352316384775
0.721603957534704   0.138169976616771
0.018500562723158   0.187867353471831
0.152726038614688   0.29231942350206
0.648821279983652   0.386320166302657
0.119225348714538   0.117190611363316
0.951556947442424   0.173817339784082
0.569288027242715   0.870733996646678
0.244358016459732   0.068466637650451
0.560010317327079   0.323206373149692
0.069222954368999   0.263068945532547
0.59146844031597   0.590549126754542
0.25732146038595   0.036867640621322
0.022534797098444   0.990102943347831
0.684919858182829   0.105617472021417
0.361090226419082   0.260130194647643
0.863407542536498   0.323420356928891
0.641270947807743   0.497651694405204
0.031865109038194   0.631385590444361
0.562036576052091   0.286803612579317
0.493824175854452   0.484447703064784
0.99333376596577   0.210322296993845
0.493100558736194   0.056223201247981
0.900496422434776   0.168838510412704
0.978499639644227   0.815512676052804
0.541155559519979   0.229989571317606
0.754324711621741   0.624094068617342
0.522768622083522   0.751506007073005
0.745020265672512   0.155640806898939
0.375702690487937   0.043122879145764
0.63859835468687   0.903948831207278
0.907773330781573   0.17273025659659
0.597332041016832   0.034722435187256
0.771124590631602   0.727320648708991
0.993038001561023   0.660106823928059
0.442419239328374   0.420300746764004
0.843366807990574   0.170797745195151
0.417064990825667   0.410377209203337
0.926837273456538   0.713901523006172
0.712230809027822   0.543111264377749
0.107809806277823   0.73150611047859
0.603553425004151   0.672072920528799
0.016409734751075   0.732644609190927
0.363086086861891   0.49127245294471
0.85146384268491   0.53470142044405
0.000324723724143   0.314816382766951
0.536200031480149   0.755818706864934
0.085946862981436   0.335562431951805
0.276406044853504   0.11419453336648
0.955437048389178   0.97472608186378
0.955280273660492   0.046008215670989
0.689645973315317   0.012847416827431
0.366553939394558   0.004287302168626
0.218891053013456   0.315903060576845
0.565664428101177   0.438029837333951
0.847426016037992   0.088533239825813
0.598146291067254   0.349834494938267
0.243294304639422   0.806505721342408
0.77540946978048   0.294868609087917
0.527708044812644   0.134072723544655
0.923211222688896   0.692349019951618
0.839887385636384   0.825282272507877
0.978886220467165   0.311679037390625
0.472083395920435   0.610433483137667
0.769092702320405   0.307014463073516
0.552959010652467   0.813532645791386
0.885200236012395   0.378863752287725
0.528051950404345   0.225242212043561
0.817437620848578   0.232210802112208
0.965330524008465   0.335778865353379
0.780274207881   0.64854536756606
0.121625330498793   0.126835291996218
0.481867461200609   0.110560666150151
0.831398219151027   0.693291806230926
0.379493627179331   0.189219631015581
0.717457473496919   0.326593428134355
0.017922889391991   0.905118577384419
0.64312190293342   0.797230435498914
0.043398598026129   0.040346438349921
0.737449605722772   0.619171010820747
0.610531154472252   0.910560169802506
0.938310577013136   0.686700489158362
0.895526189665987   0.686070079251423
0.492977237508841   0.230773417610307
0.868321014038496   0.718736776794439
0.684575245406454   0.435060498087727
0.560013208427946   0.196500495118239
0.839228169382803   0.096246491311896
0.227853400603389   0.252285251657445
0.524923935884074   0.917896196340079
0.881695847230238   0.157138931544117
0.775244900117335   0.618880003567269
0.069342250248547   0.774328429147128
0.144738303054264   0.203279628858172
0.898103660784255   0.22538574651702
0.11610401915792   0.078917849152949
0.206563022221681   0.34584133047738
0.482370151040933   0.057537856337509
0.339787671064365   0.866061330753515
0.786370403393703   0.669371794284943
0.529896718683724   0.507045498815137
0.675568812698143   0.664366739086919
0.129548871457053   0.905165236649146
0.378542109706744   0.143011773364302
0.640117195585372   0.267110373774723
0.720793013345576   0.458256881345794
0.681504967278633   0.351620214923214
0.600075605642715   0.828095768049508
0.379840077048854   0.453448305282194
0.824197872535113   0.708539307819268
0.066436753687011   0.880345077662811
0.473367561580016   0.603266426962054
0.693147068594349   0.085819677565979
0.869261662803505   0.852482868176013
0.818069840206645   0.304298366814339
0.250034978220491   0.340729446752563
0.916230026584575   0.117709453847038
0.989469721748874   0.083727028056462
0.915213357106568   0.357317140709842
0.605059250899015   0.433715328020013
0.356624226528824   0.51431243038539
0.492930645343   0.031657707220289
0.471976965565395   0.82792281528432
0.482981281239275   0.603060752579188
0.977851549669774   0.187764805161461
0.272474205975166   0.9510459537046
0.381347307188041   0.220288112959505
0.767854340500817   0.006783181665131
0.619821929724923   0.794484519560321
0.648772641765901   0.048164905719038
0.941141566190235   0.364790361732629
0.756746239845022   0.750426804319702
0.844444638736958   0.352812999339151
0.77017815574537   0.980195710524071
0.487887767098317   0.117519251986576
0.824976720983625   0.540922506358709
0.522623246603768   0.363318161724104
0.793397310074545   0.560701276008211
0.574642185257051   0.192139821360066
0.017184327489575   0.810770950148237
0.822678799137031   0.716782573076521
0.288937197356393   0.456562060240932
0.704883342059569   0.588430842210123
0.801658390514512   0.378659826381839
0.768531596517098   0.52808116938198
0.621716282142638   0.544449374919012
0.798337925681364   0.342562014753964
0.13210418147602   0.834505549953413
0.222796751807694   0.239555382882188
0.561019396380261   0.922170010133915
0.791400148091223   0.399307167630643
0.664092422650212   0.326852181389116
0.686793699980171   0.142917602812043
0.131540611694499   0.751534289880242
0.34787969037983   0.286264250140343
0.253970061112231   0.131529956837511
0.993844519100255   0.198121975717768
0.93901807949085   0.091067520493403
0.082803662980652   0.306818497416558
0.839275636131467   0.000724338172379
0.839362691468965   0.396085511297185
0.67214595915164   0.429019482123794
0.293782163899533   0.35879319320068
0.682244014517568   0.45926505311695
0.462160986350693   0.824441977400218
0.117239907128061   0.052100078047271
0.505939929616918   0.935632523000249
0.809541273898459   0.17743663347071
0.815363934898377   0.660627218171896
0.727020495257492   0.073950926537632
0.436969029119922   0.545895845859838
0.644879044157024   0.100477038332563
0.521729443286659   0.528375445227006
0.49888406431895   0.995651018506804
0.400930936202624   0.906553999571424
0.792519263251398   0.883898396974886
0.043759513480497   0.263736978536728
0.964411334801603   0.532184229568176
0.516310873573578   0.419245510016538
0.219651105900105   0.286246142183147
0.860341432817508   0.94317538364845
0.866828467714884   0.648892836049058
0.269579124401206   0.508112844804758
0.733085769227453   0.107788982579796
0.810216312112713   0.8704746677697
0.413088799502269   0.645956223369116
0.914335729570752   0.83619804581269
0.253380625493672   0.961584559425757
0.874180510146276   0.304573623938332
0.747318810094947   0.200008186678531
0.906266883599784   0.043968056771364
0.627112631876136   0.899718751975668
0.565126030782651   0.224751242770739
0.778865733043098   0.270414656683731
0.505653825844327   0.966423912365251
0.683937981224964   0.580869679972364
0.021063366019886   0.188668834945532
0.334341874376273   0.49956685004537
0.806896734281626   0.017764449950318
0.083503354124261   0.830556200674704
0.857764257091773   0.272079924227079
0.87225970178597   0.494513955510981
0.50982526561895   0.084054300823043
0.59319866828495   0.178354643625148
0.266545575454192   0.043712082739416
0.306244043520458   0.842864317004386
0.966975475769256   0.534132808171908
0.652444132554336   0.091680045677884
0.35735996554533   0.250710504573853
0.214515968019845   0.370447471838942
0.540058810472629   0.951481505913886
0.789775330118114   0.161709286358309
0.414657235144522   0.171384800690325
0.704392196324674   0.0806828472705
0.681292799498973   0.651928631914688
0.78067201550834   0.204017834449399
0.134519702874028   0.68467871072942
0.125049699463204   0.858378511854119
0.244313177904523   0.402680202683825
0.160013131640405   0.078810144485588
0.532490487458652   0.317084599136566
0.372962707119999   0.862774842081332
0.787504443989008   0.381978978117486
0.698803402424752   0.087026631634108
0.178532958486264   0.090620985623679
0.340601351457392   0.332882871247464
0.481547824407044   0.606875862935799
0.81127649655165   0.386526357706071
0.749653830261275   0.183597590058127
0.748983737544933   0.105991470638507
0.725731403974864   0.263543517393004
0.216339294501325   0.981928311578975
0.430552921917584   0.846125022733431
0.644099133254741   0.918662914331514
0.639347898482616   0.236729970356135
0.267256293099432   0.373929197765073
0.369094238764563   0.036189977861544
0.478976188071916   0.495957591494013
0.483677223035761   0.049199334142095
0.357961339761893   0.412515356112681
0.564253892041304   0.7688466466464
0.805218315258713   0.298112280778131
0.954272465632591   0.813157933497014
0.031956769556264   0.640182492597208
0.945210378816222   0.828182005448261
0.170206397692648   0.936119170110861
0.543910377053426   0.821328665648315
0.396308183668411   0.332642698245312
0.741971841009311   0.583791872712679
0.726398443715253   0.01506124943018
0.372324272236426   0.174807484522261
0.585927585714296   0.964697775863159
0.407330696503892   0.926338641450228
0.143696143933956   0.924731808698976
0.813081917615899   0.139562510550229
0.313279108556484   0.233678618043325
0.46405574480018   0.957218341737253
0.156920086349797   0.816654183897008
0.26854887389729   0.507135432671394
0.997918687549638   0.356133783523603
0.727415702925482   0.62995746693557
0.610900691885723   0.733707546226137
0.892246557966812   0.547649996675836
0.968148490833571   0.392414145709101
0.034536111846059   0.871659419666091
0.242170486139705   0.085107611514255
0.696966821351538   0.054754888945068
0.775847544513543   0.198210882632979
0.57286110180765   0.949756897837161
0.666287518454462   0.916347757601456
0.946916609721805   0.094130682275451
0.906854232051144   0.903101681960215
0.794381463326052   0.993299700798345
0.499116600194618   0.222921239239675
0.998803812187247   0.612304044506234
0.906983652059079   0.590872388614961
0.858974662176209   0.399344947744706
0.267252052559529   0.463709891399538
0.523683369358678   0.889912282468611
0.779326882253802   0.140034568183888
0.925643732649911   0.257937200309488
0.925146840142307   0.321644665853726
0.786209876617311   0.899100561595567
0.462401189345804   0.280519905540174
0.378120690522373   0.179215690388327
0.746111632032889   0.785200768486638
0.13865683767141   0.663296470956252
0.166051784733152   0.194408506551725
0.258291740637818   0.027785250213282
0.334641938500995   0.399963977114129
0.47549676279674   0.100396880429198
0.912963280764545   0.692653538843571
0.270927597488352   0.128603619293427
0.425823383010877   0.553858021554392
0.618229470548808   0.638002342078091
0.402947582441871   0.463249066873545
0.985157155938752   0.682614544544242
0.772685223116137   0.767213530392307
0.415528735684707   0.524969787009855
0.731574808421148   0.163339438123379
0.968269617443275   0.254318360809532
0.313839319679939   0.868915147396934
0.761765199171955   0.014060967434062
0.644834461445213   0.096232612947536
0.600968581443155   0.942504479884909
0.722380954862703   0.27765849681884
0.937859445143805   0.738167193813197
0.482729966290798   0.250151460653154
0.920160892320656   0.212290556745052
0.810173398797642   0.912475269439617
0.444138156057222   0.378473655932921
0.364553486579349   0.516551856433464
0.946067712598689   0.240877551488823
0.612289180612272   0.46746611342601
0.647889958767589   0.624998399830536
0.956767913725427   0.890039357855997
0.335782114546049   0.310412177838456
0.090419048290654   0.318446887876007
0.798089545384442   0.796580801990969
0.47087237708743   0.633073105784206
0.336031370793959   0.20260849038428
0.033583996324652   0.727646410362652
0.195075231840335   0.124667826921212
0.80096030765832   0.36832425610767
0.906041835891061   0.501957973640654
0.5764474757423   0.975518921320607
0.778907449119792   0.709900689700762
0.641726169107636   0.600491779767944
0.840721421440501   0.146076629302712
0.751187282602253   0.831855029783002
0.091746956534685   0.049796303574897
0.439620266340104   0.194460575071314
0.087322714270144   0.875146592668515
0.044855311533262   0.196542271065746
0.092782269022702   0.232430752246421
0.478573835125225   0.899273852911124
0.232372787093122   0.004175785602326
0.708257011286943   0.256971536556169
0.710777586426128   0.851715121155289
0.559259467202923   0.865548902086841
0.035683535887527   0.822939508250833
0.730277729389692   0.713878764906591
0.511672519112898   0.6153953111764
0.165241275262872   0.109687509115557
0.448391141472312   0.937073515120839
0.911537075364947   0.046847054745236
0.925627362664274   0.457014558295262
0.69097261944903   0.601596063976776
0.888391373542025   0.411687627562754
0.856170032337821   0.841533608165882
0.822822060848382   0.78354978137972
0.487342274453768   0.334770794027013
0.017582163422749   0.760107204723146
0.931128071728668   0.163561482297178
0.963156017391816   0.123432321258872
0.374371371323694   0.700218525866715
0.015003196780272   0.786356610885739
0.820417632806998   0.952663424464651
0.30875538424084   0.516513919173135
0.122918230371562   0.753292376859923
0.317954255589084   0.325789402194396
0.975947824614963   0.275386685281003
0.526548467441184   0.815381491863219
0.65328216207492   0.213244085354831
0.251945577566057   0.123834316821118
0.467160666749979   0.521184403907603
0.992087308468464   0.742315442923804
0.464672627609447   0.186873075299494
0.948721183649679   0.526241897992775
0.032015455144672   0.173222518133814
0.425245116632005   0.290939015817571
0.029938894921181   0.706979980541615
0.050578096440114   0.011088068627986
0.492612188946449   0.618453280141669
0.480127374336732   0.929619993510576
0.708178406909946   0.824097183669179
0.742650692423199   0.154405029732166
0.739448321026015   0.403668205724836
0.606521297395577   0.668447547840888
0.351644861503429   0.4266048271141
0.840457876470995   0.099040147634543
0.272379336594694   0.354313064532343
0.298486795068007   0.111320678471429
0.722135070313443   0.63018692823142
0.323956921222302   0.284121707666535
0.792384332545745   0.600032702221441
0.739849141180058   0.158617788810466
0.754748815006636   0.295179884822617
0.89154682168574   0.202393495612249
0.806401448378633   0.512796634217672
0.833964329572142   0.730152987814558
0.696903807472219   0.588341447938843
0.120147198242771   0.818520772979336
0.046760117451771   0.055472779690789
0.136046433572943   0.814453237087667
0.913399312617476   0.84192326226569
0.076753317661626   0.943985109007104
0.758478768625137   0.821602357176559
0.725619692708598   0.636496660986364
0.880164123305909   0.682215325373178
0.903739831555935   0.413102018632323
0.138872417367821   0.241157283794918
0.446446248536757   0.722509689484584
0.923221048456192   0.237506091147631
0.48067025301833   0.032923313131172
0.897272964662781   0.240147875916356
0.858222293391117   0.354545746970027
0.777812791946191   0.705615319233769
0.908908038840597   0.644854780852272
0.056798353029899   0.898297947252841
0.431840007361   0.218468816017352
0.686994801952324   0.042080667268039
0.34297519942031   0.377951007382535
0.767046265723768   0.004766869755955
0.46993596143106   0.787108476774297
0.720960582224857   0.066591184046378
0.719286726901982   0.848053801022214
0.139122235531786   0.969941702766257
0.13191437356988   0.18487370981945
0.67955751605178   0.087840272611672
0.118450105870465   0.793513657054427
0.631005964327674   0.410478046651599
0.758601778820657   0.524324030239903
0.897402862484747   0.897740911969224
0.048527957000988   0.062740788660378
0.615007645085585   0.178508619676113
0.14616724797867   0.173997001149505
0.453508401697501   0.641341842524184
0.962237498608129   0.614168362674872
0.88864374427625   0.560898068291622
0.480014005327652   0.536629854109531
0.090417129871985   0.718786443429748
0.488149661270518   0.197930725933742
0.519224573835178   0.895394127943874
0.509859702298602   0.348264160589658
0.218992422296778   0.309412887572348
0.878603814632284   0.204643766671431
0.33963513950806   0.195245636321443
0.056442906780395   0.832218819083163
0.097846160607112   0.759147364745619
0.622099340665514   0.100313797737584
0.706562294607902   0.555225540006114
0.763968799711319   0.378899632082953
0.977197320318864   0.875277156752452
0.620243464707825   0.773171425186558
0.264938365333968   0.999961215045553
0.739636686685312   0.806014979012618
0.249416941788087   0.395575815674038
0.659476307993431   0.879334802709435
0.778658374607329   0.221457755255987
0.992664308681569   0.988861218030685
0.735449355040916   0.365551477367203
0.816038982486901   0.934463895337499
0.537101978820444   0.795442584326086
0.204191089307841   0.078415448621563
0.457493792653895   0.692202254134531
0.999314619151573   0.546056152089076
0.650457764641143   0.125119697104655
0.997430574126049   0.424680531577918
0.948530690994367   0.96336418357071
0.080074542604159   0.822899557506293
0.487205553141639   0.911673562906973
0.191105391805879   0.254263341494311
0.020532544869143   0.67248070673895
0.619034768326173   0.138719730866515
0.548857389608459   0.868796078360973
0.525535954087144   0.356675005918502
0.509003691442586   0.714403383868785
0.072795122217617   0.018630467506402
0.290554500792876   0.260893492533286
0.028982303470962   0.853770562833607
0.845387653292103   0.286697711204648
0.661643829761976   0.69220343547592
0.190807146535626   0.920823237054209
0.601888019790862   0.916948671210214
0.638404498262404   0.002619066115806
0.265690105220296   0.20473815620715
0.784203928993165   0.594749142458897
0.558025421758176   0.929622043346855
0.274111473269952   0.10483386386376
0.514075750753258   0.148991292595613
0.178261900315465   0.027418988299519
0.525017805210062   0.001766659973594
0.800212548584763   0.399720914514107
0.958175691302633   0.013947710599859
0.621520596238573   0.191183578394661
0.432042241450853   0.396298647567962
0.999908353644828   0.845125335227706
0.461709120656645   0.347784131301006
0.161731026121966   0.890948741748992
0.649204478342212   0.869345231509818
0.004263680787096   0.062359091900276
0.454841633617211   0.801556840847111
0.220919108342031   0.181166127619733
0.977979496765431   0.649216259494409
0.621019524726006   0.318615007982891
0.305478198898551   0.34748064956052
0.162649236772489   0.065093223616397
0.596026676243479   0.182012044300047
0.736815205574498   0.371536244415825
0.945434584518916   0.626776276120537
0.763826100683552   0.309246999053993
0.589471245198459   0.878028104831401
0.309870115071302   0.384465166275785
0.604479171478351   0.47147442234833
0.211557461239383   0.049036054219911
0.669352925449538   0.068706393921015
0.199037306815835   0.233354150850394
0.720269370771643   0.744356786270772
0.745281192677992   0.391409988077699
0.873686683271525   0.389864224695653
0.675085626345694   0.582785631140341
0.95376941985281   0.940437214971519
0.891717080586124   0.980569322879465
0.63443753680759   0.641105851124334
0.47338066030861   0.162754470698355
0.449461805280768   0.30330054123471
0.006850322265554   0.54501465340978
0.244854875884004   0.227089076736263
0.187681231664268   0.015435147887677
0.082155728951341   0.982683903918402
0.693263076347765   0.240882440709161
0.455832182264474   0.759381855548488
0.702360262903758   0.713037798642258
0.26144908377985   0.400401992952797
0.562103691303425   0.135180596231254
0.229758145753359   0.806123395473399
0.448391229086803   0.722027020744086
0.368052127065758   0.127701643871138
0.845661455624883   0.940180180890327
0.755178919074911   0.013243844041005
0.26381503776156   0.294835810725655
0.274443963791377   0.507298055774629
0.752087788060754   0.928503804244252
0.571636890275327   0.370438734785004
0.468279979033763   0.985827824841675
0.766435810404213   0.647764380712236
0.566103247532489   0.128998441424345
0.589361529155068   0.154459856196787
0.92831836791518   0.961449157375724
0.47855648169696   0.932431525001656
0.874025301442118   0.08801675504745
0.715046807374746   0.08433022523282
0.243272483574469   0.188405936406553
0.590992339892796   0.540017872098467
0.998851289923809   0.41422348606785
0.483950968426046   0.803005755467393
0.022179312486187   0.006308469619339
0.839074224112233   0.062817489495871
0.947972208350857   0.183639548442761
0.055681588457854   0.042891206714455
0.360651642430857   0.300781589163817
0.583391469866407   0.45025334220018
0.067631729172713   0.786318042808495
0.468127751632645   0.583485991804965
0.612563650267746   0.1100863900251
0.548319542813105   0.891636271904268
0.623077775546939   0.10452466439353
0.705793207778259   0.22088278933431
0.748530595900475   0.260305301122692
0.460463148203639   0.345239205252768
0.254980964708954   0.319407335765383
0.014378019168049   0.642669946404029
0.981717356953214   0.57534483023333
0.735475482456855   0.431799638153887
0.005364717046969   0.785727814074408
0.134440662383743   0.912273709933603
0.809195063435739   0.964335370278317
0.609149665550766   0.688466297410142
0.47595876548651   0.998778276139196
0.697503395970088   0.850590369230018
0.133788996958302   0.239021065035467
0.973077993123235   0.659049352825632
0.906921385117641   0.436624529204761
0.732164191836478   0.071297747163191
0.361267371351417   0.039532423024975
0.186645823956997   0.045099657603741
0.692440238384911   0.361374089772839
0.510551983819008   0.489017869558643
0.92639398798997   0.800970603878853
0.75577893574598   0.561836911850844
0.620229962868674   0.595666865131844
0.571148964782818   0.811987408181456
0.955550564000869   0.952529946602123
0.6529099049592   0.99495846613129
0.644682355052342   0.602574948186425
0.957076357009328   0.927906109363689
0.039225529848408   0.003076675324293
0.904065526519095   0.160035182250387
0.651253051423732   0.155609194961834
0.045505971697263   0.980931057598416
0.490048906393709   0.833839473084776
0.795165703147871   0.191787485472025
0.274842598442137   0.164471568719918
0.961763932483789   0.493660738222862
0.896184939854642   0.353451308657276
0.74947224760248   0.494568463469613
0.586778987939559   0.471019815010891
0.6699057411488   0.824590752571888
0.47266480870062   0.116168021096151
0.002849277697611   0.951174017343757
0.245953583921157   0.089003435112284
0.400816767401005   0.486593901048858
0.324544630584258   0.408328713907951
0.42561279770986   0.422363207241788
0.613565123410331   0.61586813331235
0.126937104293337   0.170038714619278
0.678535540861578   0.133608608132562
0.031576668779848   0.259946246026241
0.69930063829844   0.482934544198872
0.927264827660397   0.460878250888643
0.848553262356817   0.578003164036934
0.055217880903108   0.74090735915737
0.351500771339513   0.535309076976149
0.480368515301422   0.304399368413078
0.762137615574849   0.362426828054987
0.089479306116081   0.873562833336666
0.872755403459238   0.716139475863761
0.164225052270084   0.762509856240632
0.771166826137687   0.79571576468097
0.553989544842977   0.094890960502732
0.880311479257348   0.631475864534212
0.779461788323639   0.936699644980546
0.926649779883541   0.717430559813789
0.809376212005575   0.650877064709646
0.875728906651043   0.804362081541223
0.472268695628296   0.877619842382179
0.921719891975013   0.135271334717262
0.350335814701693   0.8408462159283
0.578262830008921   0.035555742117766
0.461385663320076   0.203384621528887
0.872663817747024   0.946121584823339
0.736948336440593   0.099555653050421
0.808558131588504   0.745747538538503
0.388130158583973   0.64912547366258
0.970301876163582   0.947077874242804
0.510108512271161   0.706203897761093
0.130955425758259   0.277675929102953
0.919466393122224   0.739325402080569
0.458442198131073   0.749156465528389
0.229222851516484   0.029112993371744
0.716121610025268   0.215891566530612
0.670533691885217   0.757454944485515
0.495765175657339   0.077157792403068
0.672726947073576   0.042865169326246
0.779828473585201   0.335123622958813
0.705045529399184   0.267854362571478
0.664536843100151   0.533462380021139
0.460276629266954   0.39346378093525
0.583734418471194   0.435083763515018
0.366471954394102   0.169016580309073
0.879137287807927   0.269667709094868
0.099396221483249   0.763658048859804
0.253828011254451   0.132061899047349
0.55703386714973   0.678488970553332
0.04125489065278   0.20466497045599
0.3779021950576   0.086193685237848
0.832097149634725   0.727085977267171
0.881394713053243   0.264492263962494
0.218637079665832   0.963962927841247
0.426834969031644   0.18790701401828
0.608703530260562   0.489442809424274
0.744143603870801   0.953785377260753
0.885543892230476   0.583054570978403
0.514799195379349   0.587839078815443
0.567684317438564   0.445348777798349
0.601892485212424   0.684847619814142
0.476379275980425   0.280968179382315
0.924174240983468   0.78197292314606
0.099185743725686   0.199785355000386
0.783037732489357   0.174199792214004
0.202830655192288   0.901204913226422
0.083716366655096   0.816923007233751
0.545583971211287   0.534559923634337
0.643872998398852   0.052155337163873
0.272102695354557   0.201553724193568
0.871110100542754   0.345927949592932
0.017944593005664   0.308732882058907
0.277753105071017   0.286395795049235
0.311868816160363   0.181906427023638
0.972648462076649   0.68025087126264
0.802507022940789   0.365322522324831
0.389963263263067   0.914763078700096
0.312486046335241   0.318307274413614
0.697032163911605   0.367590263814301
0.208350572453748   0.335441683501247
0.30747249218186   0.85670930727378
0.367520081500101   0.085294241100514
0.587156638078208   0.374920326415836
0.437405426890794   0.310418569301921
0.187521856256549   0.034048335266957
0.586274431546705   0.486604582165832
0.517647855075006   0.454091224504447
0.230923199381347   0.266888679003212
0.699461615029358   0.553155903067885
0.828594002530643   0.157296748063495
0.742374424356994   0.178397964673362
0.27370318466015   0.420856665984478
0.926217957069563   0.344932570832582
0.90937721656282   0.181549037072003
0.891016419165012   0.590268829641532
0.744598636486538   0.17767895231009
0.656706968423548   0.198290440106662
0.619406754731912   0.067708897543352
0.017417720545039   0.681598833263717
0.655074011021888   0.896101601253152
0.142775259602204   0.349274793663944
0.134128036805519   0.728017432858349
0.48746327983413   0.90911064035821
0.858027712776412   0.609151792105076
0.487506613930994   0.152328964046855
0.739146475722752   0.263770242162566
0.179157974011885   0.223829834031758
0.085435275377895   0.792221555091629
0.687780153592466   0.606219164674062
0.750734897343458   0.415471877392511
0.413782512925078   0.069495769043686
0.931056985018958   0.172911015171082
0.457521687169249   0.755998490442506
0.965353348582291   0.720421816484173
0.514072586240719   0.705109488784744
0.740428284425047   0.171147508077922
0.386043493095737   0.19467601121636
0.466563979221402   0.97901306251031
0.695200396322864   0.372026755246377
0.888459133589527   0.515791064719939
0.918004312096296   0.066280134012665
0.578997334754501   0.956995459145147
0.405358345238437   0.037918227033421
0.036833493242322   0.771682067182517
0.433614041723429   0.040581880986837
0.813382298823052   0.299664740340175
0.311795957716136   0.1809820803271
0.970435731816435   0.531096853692331
0.547760001708307   0.897775327901473
0.749573695818611   0.622753729627762
0.406641880095793   0.224908176016008
0.943532187470619   0.391465963541861
0.568446355893773   0.763070425679355
0.740944457234249   0.907908760937844
0.657754955497682   0.111592566930638
0.002541095107505   0.814125285351279
0.588434035930049   0.078094430447813
0.383954795774933   0.552981298587125
0.914781733842654   0.173004208952886
0.782442902015103   0.385986590714776
0.120549006259387   0.822111144255954
0.545745471895465   0.193959832502964
0.389974407341428   0.685040928887137
0.398097745926893   0.450029852880859
0.533756761568617   0.197084931160638
0.757369245265787   0.319119840801695
0.229335649654409   0.369336725737695
0.097685505897734   0.191410958696879
0.234195562784911   0.146355329471847
0.493105176823539   0.65864429144429
0.956210643207168   0.704585679029433
0.126844826520791   0.361953090385316
0.785304621143712   0.769375561867841
0.588009683729698   0.438984127908934
0.583812061766038   0.16219220745144
0.729458063054559   0.683286488521197
0.433792666270311   0.099770141151669
0.500238673733898   0.37598657171056
0.392900150560653   0.649215047752161
0.77608606842752   0.025915506978882
0.928823321395302   0.311164132903372
0.583090358325079   0.384799083977036
0.886624919252815   0.478789848284696
0.723878868065352   0.671862728711738
0.629733062692644   0.583840606026308
0.511746825959806   0.724772914479728
0.491532527316564   0.100069541346152
0.380616644586372   0.445623387232722
0.594387788316926   0.021101895135864
0.392453929070635   0.247741571915754
0.743332936317088   0.2403080173931
0.436527474602882   0.483059369926338
0.212093881376266   0.217466088308909
0.566290858400836   0.131823959188875
0.510917549850971   0.993141044778433
0.096515085847049   0.885891149321108
0.885467181339956   0.823624449932803
0.76636238693642   0.617354292558795
0.332035004234449   0.369207839562721
0.792598890288231   0.157716790814501
0.507867808561226   0.134715622147982
0.008882716772607   0.49883238053953
0.551050939288567   0.076943365994148
0.260324059370528   0.206660897487917
0.517662720191936   0.268893755272519
0.62299952926199   0.071477387156096
0.736089187502243   0.125765347318811
0.944338528272434   0.251284539546078
0.990736966453243   0.782964041468524
0.994867410071537   0.613011303721793
0.472946195312697   0.903520644143564
0.53007211339332   0.901898688958696
0.134311289737631   0.703458110008627
0.612276751351464   0.60192712696197
0.728757881320751   0.552172778388632
0.593146428253181   0.255288283192749
0.865394167694222   0.588106828111291
0.852235261597758   0.915872888441616
0.069763286413208   0.184886740029574
0.915118468801033   0.390333719220331
0.415453196708638   0.155812937540531
0.736302628868556   0.719854900082936
0.162621501819568   0.247480587306579
0.502173327770256   0.434124413415288
0.778836979773279   0.265981866850854
0.517549225126823   0.64203032158717
0.740400180339763   0.611747394482352
0.430684493766565   0.229828334045611
0.337621834781569   0.385281860670615
0.610559910008353   0.546172458985576
0.710370541890861   0.912371800456596
0.777335126973042   0.795004811635269
0.990013779555461   0.566966320944194
0.545927435910723   0.573825007918616
0.923967288401051   0.727399294541298
0.939802375172326   0.810020638278738
0.79411068866354   0.128709347260595
0.574183657109934   0.838856114151863
0.820687614563222   0.28604581327534
0.997243143997518   0.964185473963735
0.723627462479527   0.749573810989766
0.566855828105052   0.729568907113996
0.606901057546582   0.960802832943881
0.507187126289759   0.525834736375493
0.728328145341455   0.702439142682195
0.701923281078737   0.661384051608007
0.789820439950957   0.840447387108693
0.670682771299962   0.498123295788719
0.480863994000687   0.547281002042354
0.960211918097276   0.994477513995506
0.962146468812553   0.664093918132856
0.366886081575259   0.584275709603187
0.629258090111975   0.37410854435493
0.424967059236041   0.935119409152153
0.051937947137409   0.951474749192808
0.647253896370614   0.547383891670072
0.823108723615762   0.807436308298569
0.954854995396407   0.144243270952659
0.799095292747769   0.114346464823188
0.355548626557902   0.362156573282452
0.545625487313058   0.603253682663441
0.860455655061513   0.10814455145679
0.306003542463484   0.478032291963283
0.415829967084298   0.944258007321798
0.64476955939603   0.882392235778516
0.780248285628614   0.016166237238833
0.905175996889165   0.889256831755567
0.407587464458855   0.243782296549447
0.639937670316273   0.527355128609116
0.498222809498543   0.253267216389393
0.886558424326859   0.459748317002155
0.857664938349396   0.972388721794028
0.409042612727601   0.010640447005807
0.44751488459108   0.341965138110834
0.187088433664515   0.337073174937457
0.023416381190105   0.305220837891934
0.79414484132203   0.19324415528883
0.334341988335112   0.184601214502314
0.181964681566392   0.842939917055994
0.909345273470367   0.570479322014728
0.699763471913861   0.296702828069836
0.692038744221647   0.168212600717443
0.796348952592279   0.735105206680436
0.289568580004737   0.324598266347831
0.933170633228304   0.903781249079576
0.12549883971389   0.829237494679833
0.6830150294515   0.46448352766099
0.346229277362364   0.209928419490385
0.501493502676524   0.526139516419335
0.240695238433423   0.312941660926797
0.37709242298728   0.106462183263242
0.38835912825928   0.477198350134374
0.317455068955812   0.0815666664627
0.282708407061125   0.30217897234122
0.842801220699795   0.46817443040905
0.293731887208475   0.99180495068642
0.461259767635728   0.645018769746761
0.477448630417318   0.06630480411771
0.781178044076645   0.254899787759791
0.438944430686094   0.772261753638248
0.447190475058873   0.887952076689527
0.939477576182889   0.669389209944605
0.235776241654392   0.317764452948999
0.398470847496362   0.829487428785254
0.735106945583937   0.56135448652469
0.542982242458817   0.823506032883371
0.43834888049403   0.472697655188191
0.358626158355895   0.043980932888477
0.496518305810076   0.531927074334019
0.467300025550851   0.030086151468277
0.320914514493638   0.243946698250232
0.664261882647348   0.44349262805983
0.637127448171339   0.439919695851993
0.808016838230545   0.451476920333428
0.914867471454639   0.699485732768091
0.785579062526067   0.94415834819246
0.473313530719995   0.871342455721727
0.869325381499805   0.894462375193968
0.321589850690954   0.511266301053553

**********************************
*** Positivos ***
0.111111111111111   0.5
0.166666666666667   0.458333333333333
0.416666666666667   0.833333333333333
0.027777777777778   0.5
0.194444444444444   0.625
**********************************
*** Negativos ***
0.611111111111111   0.333333333333333
0.638888888888889   0.375
0.694444444444444   0.333333333333333
0.472222222222222   0.375
0.472222222222222   0.583333333333333
**********************************
*** Resultados ***
Total: 10
Positivos: 8.0
Negativos: 2.0
Porcentaje Positivos: 0.8
Porcentaje Negativos: 0.2